113.1397392709 27.8473154829
113.15092774 27.83865302
113.5053670899 27.6282873876
113.2534604457 27.9373502728
113.2628884457 27.8625141846
113.5077688273 26.8004224055
113.7617375734 26.4893501152
113.10999329 27.86942253
113.4637093525 26.7586304429
113.3395353439 27.0197779071
113.5253478273 27.6571425635
113.1289915488 27.8310113091
113.9849567857 26.3503158285
113.1032099132 27.6632730799
113.1138287843 27.821719108
113.06275357 27.79400754
113.3395637083 27.0034772644
113.18565605 27.99281795
113.16240704 27.77200621
113.1212649132 27.8208104525
113.1265647488 27.8293829091
113.1166727843 27.823548108
113.2556768101 27.8439457925
113.20479811 27.77035598
113.6287582176 27.2197854063
113.5611162176 26.7994328444
114.00200624 26.50380258
113.6671209464 26.421962858
113.559017209 27.2199727833
113.13389494 27.83840024
113.132930242 27.8281250861
113.799122009 27.223570862
113.5254739206 27.4758262851